name: opencv_py37
channels:
  - conda-forge
  - menpo
  - defaults
dependencies:
  - appdirs=1.4.3=py_1
  - backcall=0.1.0=py_0
  - blas=1.0=mkl
  - bleach=3.0.2=py_0
  - bzip2=1.0.6=h470a237_2
  - ca-certificates=2018.10.15=ha4d7672_0
  - cairo=1.14.12=h276e583_5
  - certifi=2018.10.15=py37_1000
  - curl=7.61.1=h74213dd_2
  - cython=0.29=py37hfc679d8_0
  - decorator=4.3.0=py_0
  - entrypoints=0.2.3=py37_1002
  - ffmpeg=4.0.2=ha0c5888_2
  - fontconfig=2.13.1=h65d0f4c_0
  - freeglut=3.0.0=hfc679d8_5
  - freetype=2.9.1=h6debe1e_4
  - gettext=0.19.8.1=h5e8e0c9_1
  - git=2.19.1=pl526hbb17d3c_1
  - glib=2.56.2=h464dc38_1
  - gmp=6.1.2=hfc679d8_0
  - gnutls=3.5.19=h2a4e5f8_1
  - graphite2=1.3.12=hfc679d8_1
  - harfbuzz=1.9.0=h04dbb29_1
  - hdf5=1.10.2=hc401514_2
  - icu=58.2=hfc679d8_0
  - ipykernel=5.1.0=pyh24bf2e0_0
  - ipython=7.1.1=py37h24bf2e0_1000
  - ipython_genutils=0.2.0=py_1
  - jedi=0.13.1=py37_1000
  - jinja2=2.10=py_1
  - jpeg=9b=h470a237_3
  - jsonschema=2.6.0=py37_1002
  - jupyter_client=5.2.3=py_1
  - jupyter_core=4.4.0=py_0
  - krb5=1.16.2=hbb41f41_0
  - libcurl=7.61.1=hbdb9355_2
  - libcxx=7.0.0=h2d50403_2
  - libedit=3.1.20170329=haf1bffa_1
  - libffi=3.2.1=hfc679d8_5
  - libgfortran=3.0.0=1
  - libgfortran-ng=7.2.0=hdf63c60_3
  - libglu=9.0.0=0
  - libiconv=1.15=h470a237_3
  - libpng=1.6.35=ha92aebf_2
  - libsodium=1.0.16=h470a237_1
  - libssh2=1.8.0=h5b517e9_2
  - libtiff=4.0.9=he6b73bb_1
  - libuuid=2.32.1=h470a237_2
  - libxcb=1.13=h470a237_2
  - libxml2=2.9.8=h422b904_5
  - llvm-meta=7.0.0=0
  - markupsafe=1.0=py37h470a237_1
  - mistune=0.8.4=py37h470a237_0
  - nbconvert=5.3.1=py_1
  - nbformat=4.4.0=py_1
  - ncurses=6.1=hfc679d8_1
  - nettle=3.3=0
  - nose=1.3.7=py37_1002
  - notebook=5.7.0=py37_1000
  - openh264=1.8.0=hd28b015_0
  - openssl=1.0.2p=h470a237_1
  - pandas=0.23.4=py37hf8a1672_0
  - pandocfilters=1.4.2=py_1
  - parso=0.3.1=py_0
  - perl=5.26.2=h470a237_0
  - pexpect=4.6.0=py37_0
  - pixman=0.34.0=h470a237_3
  - pthread-stubs=0.4=h470a237_1
  - ptyprocess=0.6.0=py37_0
  - pygments=2.2.0=py_1
  - python=3.7.0=h5001a0f_4
  - pyzmq=17.1.2=py37hae99301_1
  - readline=7.0=haf1bffa_1
  - setuptools=40.5.0=py37_0
  - sip=4.19.8=py37hfc679d8_0
  - six=1.11.0=py37_1
  - sqlite=3.25.2=hb1c47c0_0
  - terminado=0.8.1=py37_1
  - tk=8.6.8=ha92aebf_0
  - tornado=5.1.1=py37h470a237_0
  - traitlets=4.3.2=py37_0
  - wheel=0.32.2=py37_0
  - x264=1!152.20180717=h470a237_1
  - xorg-kbproto=1.0.7=h470a237_2
  - xorg-libice=1.0.9=h470a237_4
  - xorg-libsm=1.2.3=h8c8a85c_0
  - xorg-libx11=1.6.6=h470a237_0
  - xorg-libxau=1.0.8=h470a237_6
  - xorg-libxdmcp=1.1.2=h470a237_7
  - xorg-libxext=1.3.3=h470a237_4
  - xorg-libxrender=0.9.10=h470a237_2
  - xorg-renderproto=0.11.1=h470a237_2
  - xorg-xextproto=7.3.0=h470a237_2
  - xorg-xproto=7.0.31=h470a237_7
  - xz=5.2.4=h470a237_1
  - zeromq=4.2.5=hfc679d8_6
  - zlib=1.2.11=h470a237_3
  - dbus=1.13.2=h714fa37_1
  - expat=2.2.6=he6710b0_0
  - gst-plugins-base=1.14.0=hbbd80ab_1
  - gstreamer=1.14.0=hb453b48_1
  - intel-openmp=2019.0=118
  - jasper=2.0.14=h07fcdf6_1
  - libgcc-ng=8.2.0=hdf63c60_1
  - libopencv=3.4.2=hb342d67_1
  - libstdcxx-ng=8.2.0=hdf63c60_1
  - mkl=2019.0=118
  - mkl_fft=1.0.6=py37h7dd41cf_0
  - mkl_random=1.0.1=py37h4414c95_1
  - numpy=1.15.4=py37h1d66e8a_0
  - numpy-base=1.15.4=py37h81de0dd_0
  - opencv=3.4.2=py37h6fd60c2_1
  - pandoc=2.2.3.2=0
  - pcre=8.42=h439df22_0
  - pickleshare=0.7.5=py37_0
  - pip=18.1=py37_0
  - prometheus_client=0.4.2=py37_0
  - prompt_toolkit=2.0.7=py37_0
  - py-opencv=3.4.2=py37hb342d67_1
  - pyqt=5.9.2=py37h05f1152_2
  - python-dateutil=2.7.5=py37_0
  - pytz=2018.7=py37_0
  - qt=5.9.6=h8703b6f_2
  - send2trash=1.5.0=py37_0
  - testpath=0.4.2=py37_0
  - wcwidth=0.1.7=py37_0
  - webencodings=0.5.1=py37_1
  - pip:
    - gitdb2==2.0.5
    - gitpython==2.1.11
    - neuroseries==0.3.0
    - parameterized==0.6.1
    - psutil==5.4.8
    - scipy==1.1.0
    - smmap2==2.0.5
prefix: /home/fpbatta/anaconda3/envs/opencv_py37

